function [d1_lon,d1_lat,d2_lon,d2_lat,d3_lon,d3_lat]=load_drifters

d1_lon=[-156.80145
-156.7995
-156.79784
-156.79634
-156.79492
-156.79404
-156.79317
-156.79227
-156.7921
-156.79196
-156.79182
-156.79199
-156.79211
-156.79198
-156.79163
-156.79118
-156.79114
-156.79109
-156.79102
-156.79117
-156.79129
-156.79149
-156.79147
-156.79158
-156.79156
-156.79146
-156.79172
-156.79182
-156.79166
-156.79193
-156.79184
-156.79141
-156.79018
-156.78966
-156.78854
-156.78716
-156.78662
-156.78584
-156.78516
-156.78426
-156.78319
-156.78239
-156.78203
-156.78114
-156.78062
-156.77963
-156.7785
-156.77731
-156.77609
-156.77463
-156.77325
-156.77181
-156.77055
-156.76914
-156.76784
-156.76639
-156.76398
-156.76245
-156.76016
-156.75819
-156.75635
-156.75468
-156.75211
-156.74968
-156.74724
-156.74471
-156.74217
-156.73993
-156.73784
-156.73587
-156.73389
-156.73212
-156.73068
-156.72913
-156.72777
-156.7264
-156.72514
-156.72374
-156.72249
-156.72141
-156.72044
-156.71965
-156.71883
-156.71828
-156.71768
-156.71721
-156.71672
-156.71613
-156.71549
-156.7148
-156.71391
-156.71295
-156.71196
-156.71082
-156.7099
-156.70879
-156.70711
-156.70544
-156.70375
-156.70192
-156.70006
-156.69815
-156.69641
-156.69452
-156.69287
-156.6913
-156.68965
-156.68782
-156.68613
-156.68413
-156.68224
-156.68005
-156.67795
-156.67595
-156.67392
-156.67174
-156.66933
-156.66711
-156.66429
-156.66213
-156.66013
-156.65796
-156.65572
-156.65352
-156.6514
-156.64926
-156.64703
-156.64467
-156.64259
-156.63974
-156.63725
-156.63493
-156.63274
-156.63055
-156.62854
-156.62662
-156.62489
-156.62337
-156.62186
-156.62058
-156.61954
-156.61876
-156.61793
-156.61736
-156.61679
-156.61627
-156.61571
-156.6149
-156.61411
-156.6135
-156.61295
-156.61253
-156.61206
-156.61173
-156.6115
-156.6109
-156.61029
-156.60957
-156.60881
-156.60797
-156.607
-156.60608
-156.60498
-156.60381
-156.60255
-156.60118
-156.59956
-156.59827
-156.59695
-156.59572
-156.59436
-156.59316
-156.59212
-156.59122
-156.59024
-156.58926
-156.58835
-156.58745
-156.58653
-156.58553
-156.58469
-156.58403
-156.58327
-156.58254
-156.58173
-156.58077
-156.57994
-156.57895
-156.57796
-156.57706
-156.5759
-156.57472
-156.57358
-156.5723
-156.57115
-156.57002
-156.56854
-156.56691
-156.56526
-156.56387
-156.56258
-156.56146
-156.56047
-156.55974
-156.55922
-156.55904
-156.55869
-156.55841
-156.55804
-156.55788
-156.55779
-156.55791
-156.55815
-156.55855
-156.55884
-156.55916
-156.55955
-156.55989
-156.56017
-156.56035
-156.56045
-156.56045
-156.56035
-156.56017
-156.55988
-156.55959
-156.55905
-156.55846
-156.55797
-156.5573
-156.5565
-156.55574
-156.55482
-156.55388
-156.55301
-156.55214
-156.55118
-156.55029
-156.54953
-156.54884
-156.54826
-156.54773
-156.54718
-156.5466
-156.54601
-156.5452
-156.54433
-156.54329
-156.54208
-156.54071
-156.53923
-156.53777
-156.53604
-156.53441
-156.53267
-156.5311
-156.5296
-156.52808
-156.52672
-156.52548
-156.52423
-156.523
-156.52179
-156.52033
-156.51862
-156.51697
-156.51518
-156.51341
-156.51172
-156.51015
-156.50858
-156.50691
-156.50542
-156.50413
-156.50282
-156.50136
-156.50027
-156.49918
-156.49829
-156.49741
-156.49649
-156.49554
-156.49464
-156.49393
-156.49316
-156.49242
-156.49142
-156.49056
-156.48966
-156.48881
-156.48789
-156.48668
-156.48543
-156.4843
-156.48338
-156.48247
-156.48155
-156.48061
-156.47952
-156.47855
-156.47759
-156.47664
-156.47549
-156.47434
-156.47316
-156.47185
-156.47047
-156.46909
-156.46767
-156.46629
-156.4646
-156.46318
-156.46173
-156.46062
-156.45923
-156.45781
-156.45631
-156.45494
-156.45372
-156.45271
-156.45171
-156.45055
-156.44917
-156.44769
-156.44629
-156.44489
-156.44356
-156.44241
-156.44141
-156.44051
-156.43956
-156.43866
-156.43787
-156.43721
-156.43651
-156.43614
-156.43602
-156.4359
-156.43597
-156.4362
-156.43646
-156.43681
-156.43744
-156.43828
-156.43926
-156.4402
-156.44112
-156.44188
-156.44289
-156.44373
-156.44461
-156.44531
-156.44608
-156.4467
-156.44708
-156.44762
-156.44803
-156.44836
-156.4485
-156.44835
-156.44792
-156.44745
-156.44708
-156.44679
-156.44635
-156.44585
-156.44516
-156.44453
-156.44399
-156.44339
-156.44275
-156.44202
-156.4413
-156.44047
-156.43974
-156.43886
-156.438
-156.43687
-156.43562
-156.43442
-156.43303
-156.43178
-156.43028
-156.42886
-156.42729
-156.42587
-156.4243
-156.42284
-156.42143
-156.42021
-156.41913
-156.41836
-156.41765
-156.41695
-156.41596
-156.4149
-156.41377
-156.41254
-156.41133
-156.40999
-156.40884
-156.40776
-156.40645
-156.40532
-156.40422
-156.40311
-156.40195
-156.40083
-156.39969
-156.39836
-156.39708
-156.39566
-156.39418
-156.39258
-156.39119
-156.38991
-156.38841
-156.38713
-156.38603
-156.38496
-156.38417
-156.38348
-156.38281
-156.38216
-156.38121
-156.38019
-156.37904
-156.37773
-156.37639
-156.37518
-156.37369
-156.3723
-156.37076
-156.36917
-156.36751
-156.36693
-156.36565
-156.36391
-156.36212
-156.36037
-156.35875
-156.35727
-156.35608
-156.3549
-156.35367
-156.35242
-156.35112
-156.34992
-156.34883
-156.3475
-156.3466
-156.3456
-156.34421
-156.34348
-156.34224
-156.34106
-156.34003
-156.33914
-156.33829
-156.33737
-156.33641
-156.33554
-156.3347
-156.33395
-156.33321
-156.3326
-156.33211
-156.33165
-156.33116
-156.33081
-156.33037
-156.32991
-156.32948
-156.32929
-156.3291
-156.32871
-156.32837
-156.32817
-156.32805
-156.32806
-156.32796
-156.32817
-156.32837
-156.32871
-156.32887
-156.32907
-156.32962
-156.33023
-156.33089
-156.33176
-156.33263
-156.33331
-156.33405
-156.33473
-156.33539
-156.33617
-156.3371
-156.33813
-156.33905
-156.33989
-156.34071
-156.34135
-156.34245
-156.34335
-156.34425
-156.34514
-156.34596
-156.34671
-156.34731
-156.34801
-156.34857
-156.34901
-156.34934
-156.34975
-156.35008
-156.35031
-156.35056
-156.35074
-156.35094
-156.3512
-156.35147
-156.35164
-156.35173
-156.35185
-156.35202
-156.35213
-156.3522
-156.35211
-156.35213
-156.35222
-156.35223
-156.35236
-156.35261
-156.35288
-156.35304
-156.35324
-156.35324
-156.35321
-156.35323
-156.35309
-156.35292
-156.35271
-156.35252
-156.35234
-156.3521
-156.35169
-156.35121
-156.35077
-156.3503
-156.34993
-156.34956
-156.34923
-156.34894
-156.34862
-156.34834
-156.34811
-156.34821
-156.34839
-156.3486
-156.34863
-156.34857
-156.34869
-156.34851
-156.34839
-156.34833
-156.34831
-156.3481
-156.34792
-156.34773
-156.34729
-156.34692
-156.34654
-156.34608
-156.34549
-156.34471
-156.34399
-156.34317
-156.34227
-156.34126
-156.34003
-156.33867
-156.33736
-156.33606
-156.33501
-156.33385
-156.33264
-156.33144
-156.33029
-156.32916
-156.32817
-156.32683
-156.32571
-156.32463
-156.32342
-156.32227
-156.32101
-156.31975
-156.31845
-156.317
-156.31555
-156.31419
-156.31291
-156.31155
-156.31029
-156.30904
-156.30775
-156.30646
-156.30543
-156.30441
-156.30354
-156.30257
-156.30161
-156.30052
-156.29956
-156.2986
-156.29778
-156.297
-156.29636
-156.29576
-156.29536
-156.29489
-156.2944
-156.2939
-156.29343
-156.293
-156.29237
-156.29215
-156.29211
-156.29189
-156.29169
-156.29164
-156.29175
-156.29167
-156.29161
-156.2917
-156.29211
-156.2926
-156.29315
-156.29376
-156.29422
-156.29491
-156.29585
-156.29646
-156.29752
-156.29794
-156.29862
-156.29962
-156.3004
-156.30101
-156.30158
-156.30206
-156.30251
-156.30306
-156.30383
-156.30461
-156.30541
-156.30626
-156.30713
-156.30777
-156.30849
-156.30924
-156.30992
-156.31053
-156.311
-156.31119
-156.31122
-156.31125
-156.31133
-156.31146
-156.31178
-156.31195
-156.31212
-156.31227
-156.31245
-156.31277
-156.31314
-156.3136
-156.31413
-156.31462
-156.31487
-156.31502
-156.31499
-156.31494
-156.31506
-156.31514
-156.31519
-156.31534
-156.31543
-156.31549
-156.31567
-156.31581
-156.31613
-156.31645
-156.31676
-156.31728
-156.3177
-156.3181
-156.31833
-156.31853
-156.31877
-156.319
-156.31937
-156.31972
-156.32016
-156.32056
-156.32089
-156.32121
-156.32173
-156.32239
-156.32298
-156.32364
-156.32414
-156.32474
-156.32535
-156.3261
-156.32681
-156.32736
-156.32783
-156.32817
-156.32817
-156.32809
-156.32797
-156.3279
-156.32762
-156.32715
-156.3266
-156.32614
